[variable_params]

[static_params]
tc = 1126259462.420
polarization = 1.75
coa_phase = 1.5
ra = 2.200
dec = -1.250
inclination = 0.52
distance = 3000
mass1 = 90
mass2 = 60

;spin1a=0.7 , spin1theta=pi/4, spin1phi=1.3175346027450316, spin2a=0.7, spin2theta=pi/4,spin2phi=pi/2, kick velocity = 98.9716 km/s

spin1x = 0.12402233895531793
spin1y = 0.47918520369482626
spin1z = 0.4949747468305833
spin2x = 0.0
spin2y = 0.4949747468305832
spin2z = 0.4949747468305833





f_ref = 5
f_lower = 4
approximant=IMRPhenomXPHM
taper = startend