[variable_params]

[static_params]
tc = 1126259462.420
polarization = 1.75
coa_phase = 1.5
ra = 2.200
dec = -1.250
inclination = 0.52
distance = 1000
mass1 = 90
mass2 = 60

#1158km/s

spin1x = 0.12402233895531793
spin1y = 0.47918520369482626
spin1z = 0.4949747468305833
spin2x = 0.000000000000001
spin2y = 0.000000000000001
spin2z = 0.4949747468305833




f_ref = 5
f_lower = 4
approximant=IMRPhenomXPHM
taper = startend
